# TEMPERATURE = 2.500000e+01
# X W(GMIDP) W(INP) W(CGSP) W(CGSOP) W(CGDOP) W(CBDP) W(VEAP) W(VDSATP)
0.00000000000e+00 3.21867612417e+01 3.04738176710e-11 2.36395711702e-04 2.48838285491e-10 2.16054507740e-10 2.30707171634e-10 3.93293384149e+00 -4.00806109470e-02
1.00000000000e-02 3.26146189296e+01 4.20925326201e-11 2.47576035055e-04 2.49294575115e-10 2.16138555020e-10 2.30707567832e-10 3.87595868002e+00 -4.00824986812e-02
2.00000000000e-02 3.28953985761e+01 5.83660384335e-11 2.61440924107e-04 2.49732598084e-10 2.16223609132e-10 2.30708015026e-10 3.83661944583e+00 -4.00851396049e-02
3.00000000000e-02 3.30664953300e+01 8.11318767726e-11 2.79053242007e-04 2.50151720338e-10 2.16309690090e-10 2.30708523800e-10 3.80948417511e+00 -4.00888310407e-02
4.00000000000e-02 3.31551105545e+01 1.12941092079e-10 3.01846892742e-04 2.50551503148e-10 2.16396818455e-10 2.30709107873e-10 3.79082187080e+00 -4.00939856038e-02
5.00000000000e-02 3.31803314855e+01 1.57327454473e-10 3.31727108868e-04 2.50931699252e-10 2.16485015362e-10 2.30709785055e-10 3.77807515169e+00 -4.01011745721e-02
6.00000000000e-02 3.31550535756e+01 2.19173480789e-10 3.71178693890e-04 2.51292244130e-10 2.16574302532e-10 2.30710578415e-10 3.76950075268e+00 -4.01111867182e-02
7.00000000000e-02 3.30875775976e+01 3.05205053047e-10 4.23364070244e-04 2.51633243161e-10 2.16664702297e-10 2.30711517697e-10 3.76392351480e+00 -4.01251075776e-02
8.00000000000e-02 3.29828387780e+01 4.24655448495e-10 4.92175172911e-04 2.51954955582e-10 2.16756237624e-10 2.30712640913e-10 3.76057145770e+00 -4.01444253939e-02
9.00000000000e-02 3.28433446924e+01 5.90149688827e-10 5.82180751171e-04 2.52257776191e-10 2.16848932131e-10 2.30713995976e-10 3.75896515583e+00 -4.01711713480e-02
1.00000000000e-01 3.26698818674e+01 8.18871797808e-10 6.98394076493e-04 2.52542215765e-10 2.16942810120e-10 2.30715642089e-10 3.75884642921e+00 -4.02081030131e-02
1.10000000000e-01 3.24608243756e+01 1.13408928282e-09 8.45731241542e-04 2.52808881034e-10 2.17037896593e-10 2.30717650416e-10 3.76013541558e+00 -4.02589409090e-02
1.20000000000e-01 3.21999418622e+01 1.56696646214e-09 1.02744872179e-03 2.53058454997e-10 2.17134217285e-10 2.30720102712e-10 3.76290694697e+00 -4.03286434491e-02
1.30000000000e-01 3.19026055900e+01 2.15905191077e-09 1.24691813808e-03 2.53291678159e-10 2.17231798689e-10 2.30723089511e-10 3.76738330501e+00 -4.04237760235e-02
1.40000000000e-01 3.15674325405e+01 2.96548127436e-09 1.50447428533e-03 2.53509331192e-10 2.17330668086e-10 2.30726706942e-10 3.77394091538e+00 -4.05529696758e-02
1.50000000000e-01 3.11933455516e+01 4.05871519416e-09 1.79795998830e-03 2.53712219297e-10 2.17430853576e-10 2.30731051468e-10 3.78312477370e+00 -4.07274222695e-02
1.60000000000e-01 3.07798635512e+01 5.53315078011e-09 2.12295449978e-03 2.53901158479e-10 2.17532384109e-10 2.30736214977e-10 3.79566994458e+00 -4.09614678356e-02
1.70000000000e-01 3.03273449208e+01 7.51062321225e-09 2.47336857798e-03 2.54076963783e-10 2.17635289522e-10 2.30742280718e-10 3.81252671222e+00 -4.12731727575e-02
1.80000000000e-01 2.98371466363e+01 1.01468617665e-08 2.84217431307e-03 2.54240439476e-10 2.17739600576e-10 2.30749320585e-10 3.83488537168e+00 -4.16849054915e-02
1.90000000000e-01 2.93116493754e+01 1.36389438598e-08 3.22207463362e-03 2.54392371077e-10 2.17845348991e-10 2.30757393802e-10 3.86419533730e+00 -4.22238007460e-02
2.00000000000e-01 2.87540966182e+01 1.82337596269e-08 3.60602301578e-03 2.54533519094e-10 2.17952567492e-10 2.30766546747e-10 3.90217189304e+00 -4.29220138400e-02
2.10000000000e-01 2.81682116545e+01 2.42374407193e-08 3.98758696382e-03 2.54664614291e-10 2.18061289850e-10 2.30776813611e-10 3.95078305042e+00 -4.38166432504e-02
2.20000000000e-01 2.75575992111e+01 3.20255844761e-08 4.36118127516e-03 2.54786354300e-10 2.18171550929e-10 2.30788217580e-10 4.01220906165e+00 -4.49491983532e-02
2.30000000000e-01 2.69250093881e+01 4.20538649721e-08 4.72219777861e-03 2.54899401393e-10 2.18283386736e-10 2.30800772355e-10 4.08876875702e+00 -4.63645145754e-02
2.40000000000e-01 2.62716260274e+01 5.48682161427e-08 5.06705109738e-03 2.55004381220e-10 2.18396834469e-10 2.30814483843e-10 4.18281069363e+00 -4.81090758224e-02
2.50000000000e-01 2.55966086066e+01 7.11131933286e-08 5.39315602126e-03 2.55101882350e-10 2.18511932574e-10 2.30829351892e-10 4.29657280551e+00 -5.02287926369e-02
2.60000000000e-01 2.48971177658e+01 9.15364684471e-08 5.69885190681e-03 2.55192456453e-10 2.18628720796e-10 2.30845371976e-10 4.43202126309e+00 -5.27663915468e-02
2.70000000000e-01 2.41689538873e+01 1.16986928178e-07 5.98329043268e-03 2.55276618994e-10 2.18747240229e-10 2.30862536738e-10 4.59068586145e+00 -5.57586730414e-02
2.80000000000e-01 2.34077437195e+01 1.48403862415e-07 6.24630290131e-03 2.55354850308e-10 2.18867533372e-10 2.30880837353e-10 4.77351353038e+00 -5.92339635474e-02
2.90000000000e-01 2.26103946725e+01 1.86795543113e-07 6.48826147349e-03 2.55427596957e-10 2.18989644171e-10 2.30900264662e-10 4.98076163106e+00 -6.32100957961e-02
3.00000000000e-01 2.17764074329e+01 2.33207150223e-07 6.70994565015e-03 2.55495273296e-10 2.19113618063e-10 2.30920810071e-10 5.21194788063e+00 -6.76931917255e-02
3.10000000000e-01 2.09086697537e+01 2.88680179433e-07 6.91242174116e-03 2.55558263147e-10 2.19239502012e-10 2.30942466237e-10 5.46586486876e+00 -7.26774027292e-02
3.20000000000e-01 2.00135349494e+01 3.54207533660e-07 7.09693966634e-03 2.55616921558e-10 2.19367344549e-10 2.30965227550e-10 5.74065641646e+00 -7.81456121626e-02
3.30000000000e-01 1.91002252174e+01 4.30689769081e-07 7.26484864762e-03 2.55671576573e-10 2.19497195807e-10 2.30989090461e-10 6.03394331962e+00 -8.40709615864e-02
3.40000000000e-01 1.81797841826e+01 5.18897999684e-07 7.41753133590e-03 2.55722530995e-10 2.19629107565e-10 2.31014053684e-10 6.34297961997e+00 -9.04189578538e-02
3.50000000000e-01 1.72638742614e+01 6.19447763876e-07 7.55635464667e-03 2.55770064107e-10 2.19763133296e-10 2.31040118309e-10 6.66481855769e+00 -9.71498708871e-02
3.60000000000e-01 1.63636782216e+01 7.32786130232e-07 7.68263492464e-03 2.55814433334e-10 2.19899328225e-10 2.31067287857e-10 6.99646945251e+00 -1.04221142051e-01
3.70000000000e-01 1.54890678291e+01 8.59192079330e-07 7.79761485609e-03 2.55855875841e-10 2.20037749402e-10 2.31095568300e-10 7.33503163869e+00 -1.11589576383e-01
3.80000000000e-01 1.46480976454e+01 9.98788308764e-07 7.90244964066e-03 2.55894610044e-10 2.20178455774e-10 2.31124968055e-10 7.67779756219e+00 -1.19213167818e-01
3.90000000000e-01 1.38468021846e+01 1.15156141462e-06 7.99820019644e-03 2.55930837045e-10 2.20321508281e-10 2.31155497966e-10 8.02232279028e+00 -1.27052484908e-01
4.00000000000e-01 1.30892304491e+01 1.31738698274e-06 8.08583150906e-03 2.55964741973e-10 2.20466969945e-10 2.31187171273e-10 8.36646505276e+00 -1.35071611000e-01
4.10000000000e-01 1.23776385741e+01 1.49605634823e-06 8.16621458663e-03 2.55996495249e-10 2.20614905975e-10 2.31220003583e-10 8.70839718549e+00 -1.43238680165e-01
4.20000000000e-01 1.17127680382e+01 1.68730241746e-06 8.24013081064e-03 2.56026253760e-10 2.20765383874e-10 2.31254012833e-10 9.04660007884e+00 -1.51526077435e-01
4.30000000000e-01 1.10941530632e+01 1.89082275285e-06 8.30827776052e-03 2.56054161949e-10 2.20918473546e-10 2.31289219243e-10 9.37984179197e+00 -1.59910382032e-01
4.40000000000e-01 1.05204189127e+01 2.10629890830e-06 8.37127582939e-03 2.56080352828e-10 2.21074247409e-10 2.31325645281e-10 9.70714830461e+00 -1.68372130141e-01
4.50000000000e-01 9.98954865935e+00 2.33341165824e-06 8.42967514163e-03 2.56104948916e-10 2.21232780511e-10 2.31363315616e-10 1.00277703200e+01 -1.76895464242e-01
4.60000000000e-01 9.49910803904e+00 2.57185223999e-06 8.48396243373e-03 2.56128063098e-10 2.21394150648e-10 2.31402257079e-10 1.03411493873e+01 -1.85467723080e-01
4.70000000000e-01 9.04642615484e+00 2.82133002876e-06 8.53456767465e-03 2.56149799425e-10 2.21558438480e-10 2.31442498625e-10 1.06468855596e+01 -1.94079012948e-01
4.80000000000e-01 8.62873470510e+00 3.08157721628e-06 8.58187028712e-03 2.56170253838e-10 2.21725727659e-10 2.31484071301e-10 1.09447079309e+01 -2.02721788736e-01
4.90000000000e-01 8.24327092101e+00 3.35235110688e-06 8.62620489287e-03 2.56189514845e-10 2.21896104949e-10 2.31527008216e-10 1.12344487258e+01 -2.11390462988e-01
5.00000000000e-01 7.88735031590e+00 3.63343461543e-06 8.66786654880e-03 2.56207664130e-10 2.22069660360e-10 2.31571344520e-10 1.15160211467e+01 -2.20081053335e-01
5.10000000000e-01 7.55841529194e+00 3.92463548276e-06 8.70711547023e-03 2.56224777121e-10 2.22246487275e-10 2.31617117393e-10 1.17894008641e+01 -2.28790872834e-01
5.20000000000e-01 7.25406507356e+00 4.22578463725e-06 8.74418125746e-03 2.56240923504e-10 2.22426682592e-10 2.31664366037e-10 1.20546108590e+01 -2.37518263756e-01
5.30000000000e-01 6.97207163495e+00 4.53673404281e-06 8.77926665375e-03 2.56256167692e-10 2.22610346858e-10 2.31713131674e-10 1.23117092259e+01 -2.46262372815e-01
5.40000000000e-01 6.71038544323e+00 4.85735429147e-06 8.81255086980e-03 2.56270569263e-10 2.22797584415e-10 2.31763457562e-10 1.25607795172e+01 -2.55022964318e-01
5.50000000000e-01 6.46713404626e+00 5.18753212860e-06 8.84419251255e-03 2.56284183349e-10 2.22988503548e-10 2.31815389007e-10 1.28019232182e+01 -2.63800266995e-01
5.60000000000e-01 6.24061584313e+00 5.52716804058e-06 8.87433215742e-03 2.56297061002e-10 2.23183216631e-10 2.31868973390e-10 1.30352539730e+01 -2.72594850069e-01
5.70000000000e-01 6.02929079861e+00 5.87617398956e-06 8.90309460121e-03 2.56309249519e-10 2.23381840285e-10 2.31924260197e-10 1.32608932252e+01 -2.81407524239e-01
5.80000000000e-01 5.83176939832e+00 6.23447134526e-06 8.93059083167e-03 2.56320792748e-10 2.23584495528e-10 2.31981301063e-10 1.34789669846e+01 -2.90239263564e-01
5.90000000000e-01 5.64680077633e+00 6.60198903855e-06 8.95691974655e-03 2.56331731365e-10 2.23791307935e-10 2.32040149813e-10 1.36896034771e+01 -2.99091144665e-01
6.00000000000e-01 5.47326066669e+00 6.97866194333e-06 8.98216965225e-03 2.56342103121e-10 2.24002407792e-10 2.32100862522e-10 1.38929314762e+01 -3.07964300102e-01
6.10000000000e-01 5.31013961868e+00 7.36442948168e-06 9.00641956943e-03 2.56351943082e-10 2.24217930256e-10 2.32163497569e-10 1.40890791550e+01 -3.16859883230e-01
6.20000000000e-01 5.15653175915e+00 7.75923443896e-06 9.02974036970e-03 2.56361283830e-10 2.24438015505e-10 2.32228115707e-10 1.42781733280e+01 -3.25779042256e-01
6.30000000000e-01 5.01162427137e+00 8.16302197151e-06 9.05219576498e-03 2.56370155666e-10 2.24662808893e-10 2.32294780136e-10 1.44603389781e+01 -3.34722901615e-01
6.40000000000e-01 4.87468767861e+00 8.57573878714e-06 9.07384316877e-03 2.56378586785e-10 2.24892461092e-10 2.32363556583e-10 1.46356989912e+01 -3.43692549074e-01
6.50000000000e-01 4.74506696424e+00 8.99733247803e-06 9.09473444582e-03 2.56386603433e-10 2.25127128231e-10 2.32434513384e-10 1.48043740324e+01 -3.52689027308e-01
6.60000000000e-01 4.62217352139e+00 9.42775098649e-06 9.11491656502e-03 2.56394230064e-10 2.25366972020e-10 2.32507721584e-10 1.49664825203e+01 -3.61713328895e-01
6.70000000000e-01 4.50547790097e+00 9.86694218460e-06 9.13443216818e-03 2.56401489473e-10 2.25612159863e-10 2.32583255027e-10 1.51221406606e+01 -3.70766393902e-01
6.80000000000e-01 4.39450331087e+00 1.03148535509e-05 9.15332006605e-03 2.56408402920e-10 2.25862864952e-10 2.32661190466e-10 1.52714625142e+01 -3.79849109403e-01
6.90000000000e-01 4.28881981141e+00 1.07714319282e-05 9.17161567097e-03 2.56414990248e-10 2.26119266333e-10 2.32741607672e-10 1.54145600793e+01 -3.88962310388e-01
7.00000000000e-01 4.18803914791e+00 1.12366233498e-05 9.18935137485e-03 2.56421269986e-10 2.26381548954e-10 2.32824589553e-10 1.55515433752e+01 -3.98106781670e-01
7.10000000000e-01 4.09181016144e+00 1.17103729209e-05 9.20655687950e-03 2.56427259450e-10 2.26649903668e-10 2.32910222280e-10 1.56825205162e+01 -4.07283260461e-01
7.20000000000e-01 3.99981471993e+00 1.21926247458e-05 9.22325948585e-03 2.56432974827e-10 2.26924527198e-10 2.32998595414e-10 1.58075977711e+01 -4.16492439361e-01
7.30000000000e-01 3.91176411556e+00 1.26833218918e-05 9.23948434739e-03 2.56438431262e-10 2.27205622052e-10 2.33089802050e-10 1.59268796028e+01 -4.25734969590e-01
7.40000000000e-01 3.82739587753e+00 1.31824063820e-05 9.25525469251e-03 2.56443642930e-10 2.27493396376e-10 2.33183938960e-10 1.60404686858e+01 -4.35011464320e-01
7.50000000000e-01 3.74647095392e+00 1.36898192107e-05 9.27059202002e-03 2.56448623107e-10 2.27788063736e-10 2.33281106746e-10 1.61484659007e+01 -4.44322501986e-01
7.60000000000e-01 3.66877122042e+00 1.42055003769e-05 9.28551627112e-03 2.56453384236e-10 2.28089842812e-10 2.33381410007e-10 1.62509703047e+01 -4.53668629529e-01
7.70000000000e-01 3.59409727800e+00 1.47293889299e-05 9.30004598109e-03 2.56457937981e-10 2.28398956994e-10 2.33484957503e-10 1.63480790783e+01 -4.63050365501e-01
7.80000000000e-01 3.52226650543e+00 1.52614230249e-05 9.31419841321e-03 2.56462295289e-10 2.28715633863e-10 2.33591862337e-10 1.64398874484e+01 -4.72468203002e-01
7.90000000000e-01 3.45311133640e+00 1.58015399852e-05 9.32798967725e-03 2.56466466431e-10 2.29040104533e-10 2.33702242141e-10 1.65264885878e+01 -4.81922612436e-01
8.00000000000e-01 3.38647773436e+00 1.63496763674e-05 9.34143483447e-03 2.56470461057e-10 2.29372602830e-10 2.33816219278e-10 1.66079734916e+01 -4.91414044070e-01
8.10000000000e-01 3.32222384129e+00 1.69057680304e-05 9.35454799089e-03 2.56474288234e-10 2.29713364301e-10 2.33933921042e-10 1.66844308302e+01 -5.00942930388e-01
8.20000000000e-01 3.26021877952e+00 1.74697502032e-05 9.36734238019e-03 2.56477956485e-10 2.30062624998e-10 2.34055479884e-10 1.67559467799e+01 -5.10509688255e-01
8.30000000000e-01 3.20034158795e+00 1.80415575533e-05 9.37983043772e-03 2.56481473832e-10 2.30420620035e-10 2.34181033632e-10 1.68226048284e+01 -5.20114720887e-01
8.40000000000e-01 3.14248027672e+00 1.86211242529e-05 9.39202386650e-03 2.56484847820e-10 2.30787581864e-10 2.34310725739e-10 1.68844855568e+01 -5.29758419640e-01
8.50000000000e-01 3.08653098584e+00 1.92083840432e-05 9.40393369635e-03 2.56488085558e-10 2.31163738246e-10 2.34444705532e-10 1.69416663954e+01 -5.39441165632e-01
8.60000000000e-01 3.03239723543e+00 1.98032702955e-05 9.41557033693e-03 2.56491193741e-10 2.31549309878e-10 2.34583128476e-10 1.69942213522e+01 -5.49163331196e-01
8.70000000000e-01 2.97998925653e+00 2.04057160691e-05 9.42694362533e-03 2.56494178682e-10 2.31944507625e-10 2.34726156453e-10 1.70422207119e+01 -5.58925281200e-01
8.80000000000e-01 2.92922339306e+00 2.10156541661e-05 9.43806286906e-03 2.56497046334e-10 2.32349529332e-10 2.34873958058e-10 1.70857307028e+01 -5.68727374217e-01
8.90000000000e-01 2.88002156617e+00 2.16330171816e-05 9.44893688470e-03 2.56499802312e-10 2.32764556165e-10 2.35026708899e-10 1.71248131289e+01 -5.78569963585e-01
9.00000000000e-01 2.83231079405e+00 2.22577375504e-05 9.45957403295e-03 2.56502451921e-10 2.33189748443e-10 2.35184591930e-10 1.71595249628e+01 -5.88453398344e-01
9.10000000000e-01 2.78602276034e+00 2.28897475901e-05 9.46998225034e-03 2.56505000166e-10 2.33625240917e-10 2.35347797779e-10 1.71899178949e+01 -5.98378024076e-01
9.20000000000e-01 2.74109342568e+00 2.35289795388e-05 9.48016907804e-03 2.56507451781e-10 2.34071137486e-10 2.35516525114e-10 1.72160378356e+01 -6.08344183658e-01
9.30000000000e-01 2.69746267744e+00 2.41753655897e-05 9.49014168808e-03 2.56509811238e-10 2.34527505304e-10 2.35690981013e-10 1.72379243624e+01 -6.18352217920e-01
9.40000000000e-01 2.65507401305e+00 2.48288379207e-05 9.49990690716e-03 2.56512082768e-10 2.34994368291e-10 2.35871381361e-10 1.72556101066e+01 -6.28402466246e-01
9.50000000000e-01 2.61387425328e+00 2.54893287195e-05 9.50947123852e-03 2.56514270375e-10 2.35471700049e-10 2.36057951262e-10 1.72691200725e+01 -6.38495267094e-01
9.60000000000e-01 2.57381328203e+00 2.61567702044e-05 9.51884088186e-03 2.56516377847e-10 2.35959416224e-10 2.36250925475e-10 1.72784708797e+01 -6.48630958469e-01
9.70000000000e-01 2.53484380946e+00 2.68310946400e-05 9.52802175160e-03 2.56518408775e-10 2.36457366382e-10 2.36450548877e-10 1.72836699195e+01 -6.58809878336e-01
9.80000000000e-01 2.49692115605e+00 2.75122343478e-05 9.53701949362e-03 2.56520366557e-10 2.36965325506e-10 2.36657076937e-10 1.72847144161e+01 -6.69032364991e-01
9.90000000000e-01 2.46000305500e+00 2.82001217117e-05 9.54583950075e-03 2.56522254418e-10 2.37482985258e-10 2.36870776234e-10 1.72815903794e+01 -6.79298757393e-01
1.00000000000e+00 2.42404947104e+00 2.88946891775e-05 9.55448692688e-03 2.56524075413e-10 2.38009945230e-10 2.37091924981e-10 1.72742714379e+01 -6.89609395452e-01
1.01000000000e+00 2.38902243363e+00 2.95958692467e-05 9.56296670009e-03 2.56525832442e-10 2.38545704421e-10 2.37320813595e-10 1.72627175380e+01 -6.99964620295e-01
1.02000000000e+00 2.35488588291e+00 3.03035944630e-05 9.57128353467e-03 2.56527528256e-10 2.39089653287e-10 2.37557745282e-10 1.72468734956e+01 -7.10364774498e-01
1.03000000000e+00 2.32160552685e+00 3.10177973921e-05 9.57944194234e-03 2.56529165469e-10 2.39641066730e-10 2.37803036666e-10 1.72266673829e+01 -7.20810202295e-01
1.04000000000e+00 2.28914870819e+00 3.17384105926e-05 9.58744624254e-03 2.56530746561e-10 2.40199098484e-10 2.38057018440e-10 1.72020087370e+01 -7.31301249767e-01
1.05000000000e+00 2.25748427993e+00 3.24653665790e-05 9.59530057197e-03 2.56532273892e-10 2.40762777372e-10 2.38320036059e-10 1.71727865723e+01 -7.41838265013e-01
1.06000000000e+00 2.22658248802e+00 3.31985977732e-05 9.60300889348e-03 2.56533749701e-10 2.41331005948e-10 2.38592450466e-10 1.71388671822e+01 -7.52421598298e-01
1.07000000000e+00 2.19641486033e+00 3.39380364456e-05 9.61057500428e-03 2.56535176121e-10 2.41902562045e-10 2.38874638861e-10 1.71000917159e+01 -7.63051602199e-01
1.08000000000e+00 2.16695410065e+00 3.46836146426e-05 9.61800254358e-03 2.56536555180e-10 2.42476103689e-10 2.39166995504e-10 1.70562735196e+01 -7.73728631727e-01
1.09000000000e+00 2.13817398680e+00 3.54352640994e-05 9.62529499965e-03 2.56537888806e-10 2.43050177791e-10 2.39469932568e-10 1.70071952343e+01 -7.84453044449e-01
1.10000000000e+00 2.11004927181e+00 3.61929161357e-05 9.63245571642e-03 2.56539178838e-10 2.43623232875e-10 2.39783881035e-10 1.69526056523e+01 -7.95225200593e-01
1.11000000000e+00 2.08255558714e+00 3.69565015323e-05 9.63948789959e-03 2.56540427025e-10 2.44193635958e-10 2.40109291637e-10 1.68922163416e+01 -8.06045463150e-01
1.12000000000e+00 2.05566934708e+00 3.77259503849e-05 9.64639462232e-03 2.56541635033e-10 2.44759693453e-10 2.40446635857e-10 1.68256980640e+01 -8.16914197974e-01
1.13000000000e+00 2.02936765320e+00 3.85011919328e-05 9.65317883050e-03 2.56542804452e-10 2.45319675733e-10 2.40796406972e-10 1.67526770320e+01 -8.27831773866e-01
1.14000000000e+00 2.00362819799e+00 3.92821543567e-05 9.65984334765e-03 2.56543936795e-10 2.45871844749e-10 2.41159121165e-10 1.66727310755e+01 -8.38798562668e-01
1.15000000000e+00 1.97842916663e+00 4.00687645442e-05 9.66639087949e-03 2.56545033509e-10 2.46414483811e-10 2.41535318683e-10 1.65853858258e+01 -8.49814939346e-01
1.16000000000e+00 1.95374913595e+00 4.08609478145e-05 9.67282401813e-03 2.56546095970e-10 2.46945928460e-10 2.41925565073e-10 1.64901110702e+01 -8.60881282072e-01
1.17000000000e+00 1.92956696964e+00 4.16586275992e-05 9.67914524602e-03 2.56547125494e-10 2.47464597169e-10 2.42330452473e-10 1.63863174878e+01 -8.71997972312e-01
1.18000000000e+00 1.90586170874e+00 4.24617250702e-05 9.68535693953e-03 2.56548123336e-10 2.47969020582e-10 2.42750600981e-10 1.62733540497e+01 -8.83165394906e-01
1.19000000000e+00 1.88261245670e+00 4.32701587100e-05 9.69146137232e-03 2.56549090697e-10 2.48457867980e-10 2.43186660094e-10 1.61505064561e+01 -8.94383938156e-01
1.20000000000e+00 1.85979825844e+00 4.40838438132e-05 9.69746071837e-03 2.56550028721e-10 2.48929969825e-10 2.43639310226e-10 1.60169970838e+01 -9.05653993915e-01
